____ Statistics for V ____
MIN.:  4.0
MEDIAN:  572.0
MEAN:  8796.5025
MAX:  167774.0
STD. DEV.:  20901.625237167413
____ Statistics for N ____
MIN.:  10.0
MEDIAN:  951.0
MEAN:  14505.6725
MAX:  217204.0
STD. DEV.:  33191.82037829868
____ Statistics for d ____
MIN.:  3.0
MEDIAN:  15.0
MEAN:  14.665
MAX:  26.0
STD. DEV.:  5.362627620859014
____ Statistics for b ____
MIN.:  1.30642
MEDIAN:  1.6555499999999999
MEAN:  1.66365085
MAX:  3.14138
STD. DEV.:  0.23367833137836613
